1589435844498 0.7216667 0
1589435849993 0.935 1
1589435855200 0.96 2
1589435859875 0.96666664 3
1589435864556 0.98 4
1589435869459 0.965 5
1589435874682 0.9866667 6
1589435879938 0.975 7
1589435885071 0.97833335 8
1589435890257 0.9816667 9
1589435895335 0.995 10
1589435899863 0.98833334 11
1589435904477 0.9866667 12
1589435909179 0.99333334 13
1589435914104 0.9816667 14
1589435919133 0.985 15
1589435924420 0.99333334 16
1589435930126 0.99333334 17
1589435935005 0.99666667 18
1589435940072 0.99666667 19
1589435946287 0.9916667 20
1589435952984 0.98833334 21
1589435959174 0.995 22
1589435965421 0.99333334 23
1589435971660 0.9866667 24
1589435977901 0.99666667 25
1589435984160 0.99833333 26
1589435990365 0.99666667 27
1589435996800 0.995 28
1589436003190 0.99833333 29
1589436009403 1.0 30
1589436015727 0.995 31
1589436022054 0.995 32
1589436028376 0.99 33
1589436035272 0.995 34
1589436041991 0.99833333 35
1589436049918 0.99666667 36
1589436058158 0.99 37
1589436066250 0.99666667 38
1589436072622 0.99833333 39
1589436073638 0.9666666388511658 0
