1589435844498 0.6257664187749227 0
1589435849993 0.19436163594325384 1
1589435855200 0.140120763083299 2
1589435859875 0.10906210084756215 3
1589435864556 0.08591857989629109 4
1589435869459 0.0886982674896717 5
1589435874682 0.06217634382347266 6
1589435879938 0.07432670373469591 7
1589435885071 0.059614065575102966 8
1589435890257 0.06064640749245882 9
1589435895335 0.03223983586765826 10
1589435899863 0.0343062678600351 11
1589435904477 0.04606394038225214 12
1589435909179 0.024331372523059447 13
1589435914104 0.049069932773709295 14
1589435919133 0.040673133302479986 15
1589435924420 0.023708372407903276 16
1589435930126 0.021510883991916974 17
1589435935005 0.012053020087381204 18
1589435940072 0.013922711893295248 19
1589435946287 0.015816328384292623 20
1589435952984 0.03361583483560632 21
1589435959174 0.01621162774041295 22
1589435965421 0.023955991334902744 23
1589435971660 0.03908381432760507 24
1589435977901 0.012405278775840998 25
1589435984160 0.007050336232253661 26
1589435990365 0.008216552184118578 27
1589435996800 0.015851446489493052 28
1589436003190 0.005265939746362467 29
1589436009403 0.004978054151094208 30
1589436015727 0.008142976436647586 31
1589436022054 0.021205786766173938 32
1589436028376 0.027126706819205235 33
1589436035272 0.01484316844609566 34
1589436041991 0.007373467473468433 35
1589436049918 0.010917733043121795 36
1589436058158 0.02080853555351496 37
1589436066250 0.009749846959020942 38
1589436072622 0.009644386956157784 39
1589436073630 0.11522781272729238 0
