1589596953755 0.74 0
1589596961826 0.87666667 1
1589596970044 0.955 2
1589596978312 0.9683333 3
1589596987337 0.9766667 4
1589596995145 0.985 5
1589597002680 0.9716667 6
1589597010246 0.98833334 7
1589597017869 0.98 8
1589597025878 0.985 9
1589597033463 0.98333335 10
1589597041147 0.99833333 11
1589597048748 0.98333335 12
1589597056760 0.99333334 13
1589597064959 0.9916667 14
1589597072450 0.99333334 15
1589597079950 0.99666667 16
1589597088122 0.995 17
1589597095750 0.99 18
1589597103301 0.985 19
1589597111180 0.995 20
1589597118742 0.995 21
1589597126273 0.98833334 22
1589597133788 0.9683333 23
1589597141711 0.985 24
1589597149284 0.99666667 25
1589597156886 0.995 26
1589597164473 0.995 27
1589597172103 0.995 28
1589597179740 0.99 29
1589597187380 0.99666667 30
1589597195053 0.99833333 31
1589597202570 0.99833333 32
1589597210204 0.99833333 33
1589597217780 1.0 34
1589597225778 0.99833333 35
1589597233993 1.0 36
1589597242033 0.995 37
1589597249941 0.99666667 38
1589597257580 0.99333334 39
1589597258825 0.8600000143051147 0
