1589596953755 0.5822663102547327 0
1589596961826 0.2614186535278956 1
1589596970044 0.14319499949614206 2
1589596978312 0.1118953225016594 3
1589596987337 0.09369325583179791 4
1589596995145 0.06770404389748971 5
1589597002680 0.077881647447745 6
1589597010246 0.052806492025653524 7
1589597017869 0.06162940252572298 8
1589597025878 0.049077050300935905 9
1589597033463 0.05257886393616597 10
1589597041147 0.027667816126098234 11
1589597048748 0.060306939321259655 12
1589597056760 0.028857115538169942 13
1589597064959 0.036269179008280236 14
1589597072450 0.026793807457822064 15
1589597079950 0.015837713548292717 16
1589597088122 0.02090931446136286 17
1589597095750 0.024255494548318286 18
1589597103301 0.05754637143264214 19
1589597111180 0.023298787036910653 20
1589597118742 0.029027688906838496 21
1589597126273 0.029794525171940527 22
1589597133788 0.12593867376446724 23
1589597141711 0.05255556195663909 24
1589597149284 0.01889961963519454 25
1589597156886 0.015490499459362279 26
1589597164473 0.014230707428650931 27
1589597172103 0.01726893339732972 28
1589597179740 0.019140037168593457 29
1589597187380 0.013202792291995138 30
1589597195053 0.005299183547031135 31
1589597202570 0.0035865619285808253 32
1589597210204 0.005803103592309829 33
1589597217780 0.003602106416365132 34
1589597225778 0.006457925882811347 35
1589597233993 0.0038916318746244844 36
1589597242033 0.008530642656842247 37
1589597249941 0.015477784300843874 38
1589597257580 0.02017946014268091 39
1589597258812 0.30716232856114706 0
